%YAML:1.0
---
CameraExtrinsicMat: !!opencv-matrix
   rows: 4
   cols: 4
   dt: d
   data: [ -1.8502507270008794e-02, -1.8753690530980149e-01,
       -9.8208327873533507e-01, 3.7312388420104980e-02,
       9.9980706963212307e-01, -9.9484891658443431e-03,
       -1.6936678450755582e-02, -1.5042251907289028e-02,
       -6.5939925955736389e-03, -9.8220717606324781e-01,
       1.8768479573878627e-01, 6.1821032315492630e-02, 0., 0., 0., 1. ]
CameraMat: !!opencv-matrix
   rows: 3
   cols: 3
   dt: d
   data: [ 6.0921736218228887e+02, 0., 3.1689187301006450e+02, 0.,
       6.0850426184965784e+02, 2.8093698922645444e+02, 0., 0., 1. ]
DistCoeff: !!opencv-matrix
   rows: 1
   cols: 5
   dt: d
   data: [ 9.0147163347480394e-02, -2.1936966316897696e-01,
       1.3087074666394407e-02, -5.4521712129603152e-05,
       5.2310762298381046e-02 ]
ImageSize: [ 640, 480 ]
ReprojectionError: 0
DistModel: plumb_bob
